consulta_spc_pg1
[1300.7, 1306.5, 1321.6, 1330.0, 1346.0, 1362.1, 1441.1]
[ 2.54975580e-10 -2.56264652e-07  1.06399728e-04 -2.33109783e-02
  2.83715576e+00 -1.81135367e+02  6.02135549e+03]
consulta_spc_pg1
[1301.9, 1310.4, 1325.1, 1332.4, 1348.4, 1363.7, 1444.3]
[ 3.37301587e-10 -3.39047619e-07  1.40288492e-04 -3.05209524e-02
  3.67526206e+00 -2.31426714e+02  7.23722857e+03]
consulta_spc_pg1
[1285.1, 1294.7, 1311.0, 1323.7, 1340.5, 1364.1, 1521.8]
[ 5.70207570e-11 -3.05732601e-08  3.21280830e-06  1.01666685e-03
 -2.90837851e-01  2.73005806e+01  3.74184615e+02]
consulta_spc_pg1
[1093.1, 1101.5, 1114.4, 1119.5, 1133.0, 1163.3, 1306.1]
[ 6.60256410e-11 -6.24917582e-08  2.57967674e-05 -5.82987940e-03
  7.44615092e-01 -4.97171841e+01  2.42776209e+03]
consulta_spc_pg1
[1045.6, 1053.8, 1066.3, 1072.8, 1087.2, 1107.1, 1244.3]
[ 3.45848596e-10 -3.36062271e-07  1.34865720e-04 -2.85454890e-02
  3.35343283e+00 -2.06506998e+02  6.23566264e+03]
consulta_spc_pg1
[1225.6, 1233.5, 1247.8, 1255.3, 1270.7, 1282.6, 1373.4]
[ 4.53418803e-10 -4.50996337e-07  1.84462082e-04 -3.96580242e-02
  4.72090411e+00 -2.94254971e+02  8.71041648e+03]
consulta_spc_pg2
[491.1, 493.4, 497.9, 503.6, 520.8, 3145.7, 9248.1]
[-6.63573871e-08  6.68034487e-05 -2.74237091e-02  5.88025586e+00
 -6.94919581e+02  4.29283614e+04 -1.08271127e+06]
consulta_spc_pg2
[487.6, 490.8, 499.4, 502.8, 523.6, 3611.0, 9266.5]
[-8.42160562e-08  8.44614615e-05 -3.45647205e-02  7.39228239e+00
 -8.71715773e+02  5.37517164e+04 -1.35373521e+06]
consulta_spc_pg2
[643.9, 648.0, 654.5, 659.9, 698.4, 5431.7, 8985.6]
[-1.50828755e-07  1.50336795e-04 -6.12170494e-02  1.30394037e+01
 -1.53256872e+03  9.42466964e+04 -2.36857647e+06]
consulta_spc_pg2
[262.7, 263.1, 266.6, 268.4, 293.8, 3351.1, 9255.1]
[-8.18547924e-08  8.21464936e-05 -3.36348599e-02  7.19648638e+00
 -8.48928408e+02  5.23620740e+04 -1.31927116e+06]
consulta_spc_pg2
[239.1, 241.6, 243.0, 245.1, 264.0, 2779.7, 9302.5]
[-6.04329670e-08  6.09668388e-05 -2.50690694e-02  5.38246196e+00
 -6.36770192e+02  3.93705787e+04 -9.93907297e+05]
consulta_spc_pg2
[438.0, 440.9, 445.9, 454.3, 480.2, 4064.8, 9305.5]
[-1.03789713e-07  1.03871994e-04 -4.24384143e-02  9.06465803e+00
 -1.06787425e+03  6.57971875e+04 -1.65628512e+06]
notificacao_manutencao_pg1
[2839.8, 2940.4, 3032.4, 3128.7, 3264.4, 3388.9, 4835.0]
[ 2.84578755e-09 -2.51112271e-06  8.98578315e-04 -1.66255040e-01
  1.66977577e+01 -8.54268982e+02  1.99517692e+04]
notificacao_manutencao_pg1
[3248.7, 3342.1, 3478.0, 3611.0, 3757.0, 3883.6, 5215.5]
[ 1.28257021e-09 -9.37517399e-07  2.52118861e-04 -2.78949768e-02
  4.65691288e-01  1.34525777e+02 -4.08509615e+03]
notificacao_manutencao_pg2
[2774.0, 2857.1, 2907.8, 2993.9, 3244.3, 3850.9, 3383.5]
[-1.70369353e-08  1.68441484e-05 -6.82446596e-03  1.45074787e+00
 -1.70649094e+02  1.05304792e+04 -2.63488797e+05]
notificacao_manutencao_pg2
[2362.0, 2446.2, 2498.3, 2601.7, 2834.5, 3138.6, 1887.3]
[-1.17245726e-08  1.15469588e-05 -4.67469328e-03  9.95553080e-01
 -1.17549627e+02  7.29220509e+03 -1.83191010e+05]
proposta_adesao_pg1
[2689.9, 2830.3, 3074.3, 3316.4, 3710.8, 3896.6, 4137.9]
[ 9.04304029e-10 -7.94619963e-07  2.72569460e-04 -4.59597999e-02
  3.92664830e+00 -1.45531043e+02  3.72127088e+03]
proposta_adesao_pg1
[3207.6, 3209.3, 3233.8, 3251.3, 3296.1, 3342.5, 3595.0]
[ 9.15750916e-10 -9.13525641e-07  3.75578205e-04 -8.13273141e-02
  9.77448731e+00 -6.17215872e+02  1.91733132e+04]
proposta_adesao_pg2
[1736.3, 1815.0, 1925.0, 2030.8, 2237.0, 2331.1, 2559.1]
[ 2.02753358e-09 -1.98905128e-06  7.93860299e-04 -1.64906562e-01
  1.88167868e+01 -1.11576141e+03  2.85280835e+04]
proposta_adesao_pg2
[2064.3, 2074.0, 2104.2, 2142.8, 2291.5, 2516.9, 5982.3]
[ 1.18604701e-08 -1.13858727e-05  4.49553859e-03 -9.33445465e-01
  1.07418254e+02 -6.49099123e+03  1.62870748e+05]
proposta_adesaocoletivo_pg1
[4181.2, 4233.1, 4357.9, 4473.2, 4596.1, 4655.8, 4916.9]
[-7.11111111e-10  8.33261905e-07 -3.89035873e-04  9.28477881e-02
 -1.19572830e+01  7.92414929e+02 -1.70531714e+04]
proposta_adesaocoletivo_pg1
[4220.7, 4237.2, 4281.6, 4313.4, 4370.1, 4439.6, 4644.3]
[-1.90811966e-10  1.92881868e-07 -7.74081105e-05  1.58257547e-02
 -1.73270242e+00  9.69013049e+01  2.03464341e+03]
proposta_adesaocoletivo_pg2
[4465.8, 4501.5, 4558.2, 4611.5, 4701.4, 4757.6, 4979.9]
[ 5.61507937e-10 -5.16964286e-07  1.93278770e-04 -3.75026607e-02
  3.98614651e+00 -2.18643964e+02  9.25165000e+03]
proposta_adesaocoletivo_pg2
[5049.6, 5078.6, 5121.1, 5161.7, 5193.2, 5240.4, 5370.6]
[-1.69816850e-09  1.76655128e-06 -7.49796410e-04  1.66116478e-01
 -2.02497679e+01  1.28869624e+03 -2.84265264e+04]
proposta_contratacao_pg1
[3280.9, 3407.6, 3801.0, 4176.3, 4618.8, 4772.4, 4958.9]
[-1.64670330e-09  1.88404945e-06 -8.68932729e-04  2.05766090e-01
 -2.62718611e+01  1.72217173e+03 -4.22842703e+04]
proposta_contratacao_pg1
[3266.0, 3339.0, 3549.3, 3791.0, 4324.9, 4635.9, 4939.0]
[ 3.17133700e-09 -3.21966209e-06  1.32730913e-03 -2.84583305e-01
  3.35784271e+01 -2.06873455e+03  5.52328599e+04]
proposta_contratacao_pg1
[3189.7, 3245.2, 3316.7, 3389.8, 3612.1, 3797.9, 4292.7]
[ 2.27371795e-09 -2.29128114e-06  9.42811749e-04 -2.02289220e-01
  2.38553978e+01 -1.46379700e+03  3.96625599e+04]
proposta_contratacao_pg2
[2570.1, 2597.1, 2685.0, 2785.2, 2979.5, 3104.9, 3332.5]
[ 6.22893773e-10 -6.00358974e-07  2.34689872e-04 -4.76863641e-02
  5.35315564e+00 -3.15465538e+02  1.01831703e+04]
proposta_contratacao_pg2
[2591.3, 2617.8, 2699.8, 2791.9, 2989.9, 3131.3, 3430.8]
[ 9.78724054e-10 -9.69991758e-07  3.92135656e-04 -8.27434627e-02
  9.64408065e+00 -5.88852351e+02  1.72868192e+04]
proposta_contratacao_pg2
[2492.8, 2518.8, 2558.1, 2585.0, 2643.8, 2699.4, 2862.3]
[ 3.73504274e-10 -3.77254579e-07  1.56655592e-04 -3.41031031e-02
  4.09625013e+00 -2.55800203e+02  8.94690440e+03]
proposta_contratacaoindividual_pg1
[2150.2, 2254.9, 2366.4, 2416.1, 2466.4, 2506.9, 2701.8]
[ 1.32448107e-10 -1.10423993e-07  3.80200031e-05 -6.83700998e-03
  6.41160104e-01 -2.20233086e+01  1.94773132e+03]
proposta_contratacaoindividual_pg1
[2236.8, 2285.7, 2404.3, 2459.0, 2509.2, 2567.4, 2868.5]
[ 2.13217338e-10 -2.21414835e-07  1.01304930e-04 -2.55521204e-02
  3.64405595e+00 -2.69359235e+02  1.01547225e+04]
proposta_contratacaoindividual_pg1
[1882.7, 1979.7, 2096.8, 2159.4, 2238.6, 2279.3, 2397.0]
[ 4.59126984e-10 -4.51178571e-07  1.81792817e-04 -3.83688298e-02
  4.45148413e+00 -2.63556845e+02  7.96575000e+03]
proposta_contratacaoindividual_pg1
[1672.1, 1771.3, 1881.2, 1942.3, 2014.1, 2048.3, 2162.7]
[ 2.36141636e-10 -2.08600733e-07  7.39363614e-05 -1.33063018e-02
  1.24382629e+00 -4.94391392e+01  1.94028242e+03]
proposta_contratacaoindividual_pg1
[2230.7, 2332.1, 2448.3, 2509.7, 2571.9, 2600.8, 2724.1]
[ 1.14896215e-10 -8.41098901e-08  2.25231013e-05 -2.38780806e-03
 -1.49528877e-02  2.55539542e+01  6.86534066e+02]
proposta_contratacaoindividual_pg2
[2496.4, 2520.3, 2612.4, 2664.6, 2720.4, 2759.0, 3044.1]
[ 8.44413919e-10 -8.34625458e-07  3.43477170e-04 -7.53673803e-02
  9.28912212e+00 -6.05579420e+02  1.86846247e+04]
proposta_contratacaoindividual_pg2
[2345.7, 2398.3, 2469.7, 2505.7, 2551.4, 2577.5, 2726.2]
[ 6.45329670e-10 -6.38623626e-07  2.60226822e-04 -5.58146091e-02
  6.62889029e+00 -4.09814239e+02  1.25710544e+04]
proposta_contratacaoindividual_pg2
[2394.8, 2444.7, 2511.3, 2543.0, 2591.5, 2610.2, 2690.8]
[ 9.62026862e-10 -9.76879121e-07  4.06481477e-04 -8.86189978e-02
  1.06582902e+01 -6.67164033e+02  1.93059154e+04]
proposta_inscricao_pgbl_pg1
[2979.8, 2909.6, 2899.3, 2934.0, 3199.1, 3846.8, 4361.3]
[-1.01902015e-08  9.93896245e-06 -3.95907453e-03  8.25204623e-01
 -9.49252958e+01  5.71061945e+03 -1.37325780e+05]
proposta_inscricao_pgbl_pg1
[2994.8, 2921.9, 2888.1, 2922.5, 3118.0, 3738.8, 4308.1]
[-1.28629731e-08  1.27447042e-05 -5.16049602e-03  1.09362181e+00
 -1.27912650e+02  7.82403055e+03 -1.92438035e+05]
proposta_inscricao_pgbl_pg1
[3029.8, 2963.8, 2920.9, 2942.7, 3129.2, 3632.6, 4294.0]
[-8.12173382e-09  8.03293590e-06 -3.24573393e-03  6.86420906e-01
 -8.01330037e+01  4.89203165e+03 -1.18898467e+05]
proposta_inscricao_pgbl_pg2
[3144.4, 3186.5, 3215.9, 3232.3, 3248.8, 3280.3, 3443.8]
[-4.17490842e-10  4.59184066e-07 -2.04346639e-04  4.73048102e-02
 -6.03046573e+00  4.03595223e+02 -7.95496099e+03]
proposta_inscricao_pgbl_pg2
[3138.3, 3182.0, 3196.0, 3218.2, 3238.2, 3274.2, 3536.7]
[-7.82600733e-10  8.90344322e-07 -4.08730421e-04  9.72619275e-02
 -1.26809660e+01  8.60881255e+02 -2.06498934e+04]
proposta_inscricao_pgbl_pg2
[3129.8, 3165.0, 3183.0, 3202.9, 3219.1, 3249.7, 3418.6]
[-8.46001221e-10  9.19006410e-07 -4.06013996e-04  9.34935994e-02
 -1.18447959e+01  7.84050635e+02 -1.80635676e+04]
proposta_inscricao_vgbl_pg1
[2773.6, 2830.9, 2901.1, 2955.7, 3040.6, 3102.7, 3253.1]
[-1.32631258e-10  1.65361722e-07 -8.17131716e-05  2.06918210e-02
 -2.84446450e+00  2.04215810e+02 -3.24482582e+03]
proposta_inscricao_vgbl_pg1
[2735.4, 2801.8, 2895.0, 2950.3, 3026.8, 3092.1, 3261.4]
[-1.35103785e-10  1.43509158e-07 -6.06995177e-05  1.31852396e-02
 -1.56446527e+00  1.00016573e+02 -3.68802198e+01]
proposta_inscricao_vgbl_pg2
[2409.0, 2472.4, 2579.0, 2654.4, 2734.3, 2775.3, 2867.4]
[-5.24267399e-10  5.66213370e-07 -2.47930540e-04  5.62351168e-02
 -6.96286170e+00  4.49638457e+02 -9.50615769e+03]
proposta_inscricao_vgbl_pg2
[2340.9, 2400.0, 2501.1, 2564.8, 2610.9, 2691.1, 2895.5]
[-2.31858974e-09  2.37066758e-06 -9.87161841e-04  2.14219519e-01
 -2.55515509e+01  1.59186859e+03 -3.82218709e+04]
proposta_inscricao_vgbl_pg3
[2666.4, 2807.5, 3029.1, 3151.6, 3296.1, 3375.4, 3532.2]
[ 2.98595849e-10 -3.11771062e-07  1.36102057e-04 -3.17218610e-02
  4.12723995e+00 -2.74500668e+02  9.77483736e+03]
proposta_inscricao_vgbl_pg3
[2479.0, 2586.5, 2766.6, 2886.3, 3051.8, 3159.5, 3367.1]
[-1.84676435e-11  2.90979853e-08 -1.46841728e-05  3.32982830e-03
 -3.60508541e-01  2.24860339e+01  1.70155879e+03]
RESULT
tipo = [ 'consulta_spc_pg1', 'consulta_spc_pg2', 'notificacao_manutencao_pg1', 'notificacao_manutencao_pg2', 'proposta_adesao_pg1', 'proposta_adesao_pg2', 'proposta_adesaocoletivo_pg1', 'proposta_adesaocoletivo_pg2', 'proposta_contratacao_pg1', 'proposta_contratacao_pg2', 'proposta_contratacaoindividual_pg1', 'proposta_contratacaoindividual_pg2', 'proposta_inscricao_pgbl_pg1', 'proposta_inscricao_pgbl_pg2', 'proposta_inscricao_vgbl_pg1', 'proposta_inscricao_vgbl_pg2', 'proposta_inscricao_vgbl_pg3', ]
col1 = [ 0.0000000002524318274302656751654370674874, -0.0000000912466117210186660288172831069498, 0.0000000020641788766693814325647855458705, -0.0000000143807539681624725535750460156045, 0.0000000009100274725222908326384889034384, 0.0000000069440018314595528422342681266165, -0.0000000004509615384577717888854785689169, -0.0000000005683302808259057692732131936023, 0.0000000012661172161097488897134588829263, 0.0000000006583740333699426401462733399281, 0.0000000002311660561647482308667437485395, 0.0000000008172568172514732410473325339680, -0.0000000103916361415704872578783597887597, -0.0000000006820309320255678079161292491888, -0.0000000001338675213663656693088042042407, -0.0000000014214285714187828345529733081688, 0.0000000002985958485937136561463044507562, ]
col2 = [ -0.0000002459059829043722000879647771737213, 0.0000914311718553101332581864446602537555, -0.0000017243200549352531842202613035497372, 0.0000141955535713341870151203705230358310, -0.0000008540728021924562854004688017273139, -0.0000066874619962933797316304018742982862, 0.0000005130718864429979006599406160527010, 0.0000006247934981639876514720077955999944, -0.0000012089645909568885361122210844730951, -0.0000006492017704475519118779221379444966, -0.0000002151456043942563085663544856368512, -0.0000008167094017038900535351733482591907, 0.0000102388675212997858700357881045484021, 0.0000007561782661727330949919152758287311, 0.0000001544354395592472272596192700566675, 0.0000014684404761803784902207551180119971, -0.0000003117710622688614191144360846680295, ]
col3 = [ 0.0000991709330477544433700420878352588261, -0.0373913037634784548024491357409715419635, 0.0005753485882132082247092386140252529003, -0.0057495796229760955109444608979174518026, 0.0003240738324153296170959670519096107455, 0.0026446994459523144940793493162800587015, -0.0002332219917566006532443079191097012881, -0.0002782588202056698531428047260760649806, 0.0004670627167244718945353365580075433172, 0.0002611603734210962636692887617329006389, 0.0000835154426123751254980309699504914533, 0.0003367284900261673812917051495929854354, -0.0041217681623646144212225195246901421342, -0.0003396970187196858190735448967956244815, -0.0000712063446270916301176351348445336953, -0.0006175461904719336484609337745155244193, 0.0001361020573861303315128801205702302468, ]
col4 = [ -0.0211414427348933751937831715395077480935, 7.9925913795830325625502155162394046783447, -0.0970750084697876991501885868274257518351, 1.2231504755864794908859494171338155865669, -0.0636435570049986854002099789795465767384, -0.5491760133201287752413577436527702957392, 0.0543367713824217668516780577192548662424, 0.0643069087450027221386505971167935058475, -0.0937021448100307935424879701713507529348, -0.0548443099812938802961603812491375720128, -0.0172904140108642405404548725300628575496, -0.0732669957259843157570955440860416274518, 0.8684157799082433681903125943790655583143, 0.0793534456649314656750959784403676167130, 0.0169385302654567852786993142899518716149, 0.1352273178562051203499549956177361309528, -0.0317218609888069019708822793290892150253, ]
col5 = [ 2.5067553347397262264451001101406291127205, -942.1294862934790899089421145617961883544922, 8.5817244992796304359217174351215362548828, -144.0993605148105700664018513634800910949707, 6.8505678021377187647544815263245254755020, 63.1175203291795696713961660861968994140625, -6.8449927197361652986273838905617594718933, -8.1318107203399101479135424597188830375671, 10.3873212575447446681664587231352925300598, 6.3644954741080610460812749806791543960571, 1.9931147154916104557997869051177985966206, 8.8587675497955107317693546065129339694977, -100.9903164094938432526760152541100978851318, -10.1854091920417086924999239272437989711761, -2.2044648839913776328103267587721347808838, -16.2572063094099696911598584847524762153625, 4.1272399511351887113619341107551008462906, ]
col6 = [ -155.9567756398788276328559732064604759216309, 58076.1024021885459660552442073822021484375000, -359.8716020992985704651800915598869323730469, 8911.3421368374292796943336725234985351562500, -381.3734574137811250693630427122116088867188, -3803.3763209396129241213202476501464843750000, 444.6581167554383569040510337799787521362305, 535.0261396487874208105495199561119079589844, -603.4532722777981916806311346590518951416016, -386.7060308272783117899962235242128372192383, -115.7649148342099607589261722750961780548096, -560.8525640986317739589139819145202636718750, 6142.2272179003848577849566936492919921875000, 682.8423705698987760115414857864379882812500, 152.1161918489566176049265777692198753356934, 1020.7535238023002648333203978836536407470703, -274.5006684965971430756326299160718917846680, ]
col7 = [ 5167.7683149886024693842045962810516357421875, -1462414.4206846477463841438293457031250000000000, 7933.3365382831871102098375558853149414062500, -223339.9035696829087100923061370849609375000000, 11447.2920328686832363018766045570373535156250, 95699.4156585353484842926263809204101562500000, -7509.2640109159383428050205111503601074218750, -9587.4381867291995149571448564529418945312500, 17537.0498167082732834387570619583129882812500, 12138.9646519369052839465439319610595703125000, 4539.0040659093856447725556790828704833984375, 16853.8648350628136540763080120086669921875000, -149554.0937716406479012221097946166992187500000, -15556.1406592371404258301481604576110839843750, -1640.8530219555721032520523294806480407714844, -23864.0142855266494734678417444229125976562500, 9774.8373625965341489063575863838195800781250, ]
