consulta_spc_pg1
[1300.7, 1306.5, 1321.6, 1330.0, 1346.0, 1362.1, 1441.1]
[ 2.54975580e-10 -2.56264652e-07  1.06399728e-04 -2.33109783e-02
  2.83715576e+00 -1.81135367e+02  6.02135549e+03]
consulta_spc_pg1
[1301.9, 1310.4, 1325.1, 1332.4, 1348.4, 1363.7, 1444.3]
[ 3.37301587e-10 -3.39047619e-07  1.40288492e-04 -3.05209524e-02
  3.67526206e+00 -2.31426714e+02  7.23722857e+03]
consulta_spc_pg1
[1285.1, 1294.7, 1311.0, 1323.7, 1340.5, 1364.1, 1521.8]
[ 5.70207570e-11 -3.05732601e-08  3.21280830e-06  1.01666685e-03
 -2.90837851e-01  2.73005806e+01  3.74184615e+02]
consulta_spc_pg1
[1093.1, 1101.5, 1114.4, 1119.5, 1133.0, 1163.3, 1306.1]
[ 6.60256410e-11 -6.24917582e-08  2.57967674e-05 -5.82987940e-03
  7.44615092e-01 -4.97171841e+01  2.42776209e+03]
consulta_spc_pg1
[1045.6, 1053.8, 1066.3, 1072.8, 1087.2, 1107.1, 1244.3]
[ 3.45848596e-10 -3.36062271e-07  1.34865720e-04 -2.85454890e-02
  3.35343283e+00 -2.06506998e+02  6.23566264e+03]
consulta_spc_pg1
[1225.6, 1233.5, 1247.8, 1255.3, 1270.7, 1282.6, 1373.4]
[ 4.53418803e-10 -4.50996337e-07  1.84462082e-04 -3.96580242e-02
  4.72090411e+00 -2.94254971e+02  8.71041648e+03]
consulta_spc_pg2
[491.1, 493.4, 497.9, 503.6, 520.8, 3145.7, 9248.1]
[-6.63573871e-08  6.68034487e-05 -2.74237091e-02  5.88025586e+00
 -6.94919581e+02  4.29283614e+04 -1.08271127e+06]
consulta_spc_pg2
[487.6, 490.8, 499.4, 502.8, 523.6, 3611.0, 9266.5]
[-8.42160562e-08  8.44614615e-05 -3.45647205e-02  7.39228239e+00
 -8.71715773e+02  5.37517164e+04 -1.35373521e+06]
consulta_spc_pg2
[643.9, 648.0, 654.5, 659.9, 698.4, 5431.7, 8985.6]
[-1.50828755e-07  1.50336795e-04 -6.12170494e-02  1.30394037e+01
 -1.53256872e+03  9.42466964e+04 -2.36857647e+06]
consulta_spc_pg2
[262.7, 263.1, 266.6, 268.4, 293.8, 3351.1, 9255.1]
[-8.18547924e-08  8.21464936e-05 -3.36348599e-02  7.19648638e+00
 -8.48928408e+02  5.23620740e+04 -1.31927116e+06]
consulta_spc_pg2
[239.1, 241.6, 243.0, 245.1, 264.0, 2779.7, 9302.5]
[-6.04329670e-08  6.09668388e-05 -2.50690694e-02  5.38246196e+00
 -6.36770192e+02  3.93705787e+04 -9.93907297e+05]
consulta_spc_pg2
[438.0, 440.9, 445.9, 454.3, 480.2, 4064.8, 9305.5]
[-1.03789713e-07  1.03871994e-04 -4.24384143e-02  9.06465803e+00
 -1.06787425e+03  6.57971875e+04 -1.65628512e+06]
notificacao_manutencao_pg1
[2839.8, 2940.4, 3032.4, 3128.7, 3264.4, 3388.9, 4835.0]
[ 2.84578755e-09 -2.51112271e-06  8.98578315e-04 -1.66255040e-01
  1.66977577e+01 -8.54268982e+02  1.99517692e+04]
notificacao_manutencao_pg1
[3248.7, 3342.1, 3478.0, 3611.0, 3757.0, 3883.6, 5215.5]
[ 1.28257021e-09 -9.37517399e-07  2.52118861e-04 -2.78949768e-02
  4.65691288e-01  1.34525777e+02 -4.08509615e+03]
notificacao_manutencao_pg2
[2774.0, 2857.1, 2907.8, 2993.9, 3244.3, 3850.9, 3383.5]
[-1.70369353e-08  1.68441484e-05 -6.82446596e-03  1.45074787e+00
 -1.70649094e+02  1.05304792e+04 -2.63488797e+05]
notificacao_manutencao_pg2
[2362.0, 2446.2, 2498.3, 2601.7, 2834.5, 3138.6, 1887.3]
[-1.17245726e-08  1.15469588e-05 -4.67469328e-03  9.95553080e-01
 -1.17549627e+02  7.29220509e+03 -1.83191010e+05]
proposta_adesao_pg1
[2689.9, 2830.3, 3074.3, 3316.4, 3710.8, 3896.6, 4137.9]
[ 9.04304029e-10 -7.94619963e-07  2.72569460e-04 -4.59597999e-02
  3.92664830e+00 -1.45531043e+02  3.72127088e+03]
proposta_adesao_pg1
[3207.6, 3209.3, 3233.8, 3251.3, 3296.1, 3342.5, 3595.0]
[ 9.15750916e-10 -9.13525641e-07  3.75578205e-04 -8.13273141e-02
  9.77448731e+00 -6.17215872e+02  1.91733132e+04]
proposta_adesao_pg2
[1736.3, 1815.0, 1925.0, 2030.8, 2237.0, 2331.1, 2559.1]
[ 2.02753358e-09 -1.98905128e-06  7.93860299e-04 -1.64906562e-01
  1.88167868e+01 -1.11576141e+03  2.85280835e+04]
proposta_adesao_pg2
[2064.3, 2074.0, 2104.2, 2142.8, 2291.5, 2516.9, 5982.3]
[ 1.18604701e-08 -1.13858727e-05  4.49553859e-03 -9.33445465e-01
  1.07418254e+02 -6.49099123e+03  1.62870748e+05]
proposta_adesaocoletivo_pg1
[4181.2, 4233.1, 4357.9, 4473.2, 4596.1, 4655.8, 4916.9]
[-7.11111111e-10  8.33261905e-07 -3.89035873e-04  9.28477881e-02
 -1.19572830e+01  7.92414929e+02 -1.70531714e+04]
proposta_adesaocoletivo_pg1
[4220.7, 4237.2, 4281.6, 4313.4, 4370.1, 4439.6, 4644.3]
[-1.90811966e-10  1.92881868e-07 -7.74081105e-05  1.58257547e-02
 -1.73270242e+00  9.69013049e+01  2.03464341e+03]
proposta_adesaocoletivo_pg2
[4465.8, 4501.5, 4558.2, 4611.5, 4701.4, 4757.6, 4979.9]
[ 5.61507937e-10 -5.16964286e-07  1.93278770e-04 -3.75026607e-02
  3.98614651e+00 -2.18643964e+02  9.25165000e+03]
proposta_adesaocoletivo_pg2
[5049.6, 5078.6, 5121.1, 5161.7, 5193.2, 5240.4, 5370.6]
[-1.69816850e-09  1.76655128e-06 -7.49796410e-04  1.66116478e-01
 -2.02497679e+01  1.28869624e+03 -2.84265264e+04]
RESULT
tipo = [ 'consulta_spc_pg1', 'consulta_spc_pg2', 'notificacao_manutencao_pg1', 'notificacao_manutencao_pg2', 'proposta_adesao_pg1', 'proposta_adesao_pg2', 'proposta_adesaocoletivo_pg1', 'proposta_adesaocoletivo_pg2', ]
col1 = [ 0.0000000002524318274302656751654370674874, -0.0000000912466117210186660288172831069498, 0.0000000020641788766693814325647855458705, -0.0000000143807539681624725535750460156045, 0.0000000009100274725222908326384889034384, 0.0000000069440018314595528422342681266165, -0.0000000004509615384577717888854785689169, 0.0000000005615079365047052902715324601383, ]
col2 = [ -0.0000002459059829043722000879647771737213, 0.0000914311718553101332581864446602537555, -0.0000017243200549352531842202613035497372, 0.0000141955535713341870151203705230358310, -0.0000008540728021924562854004688017273139, -0.0000066874619962933797316304018742982862, 0.0000005130718864429979006599406160527010, -0.0000005169642857109486580672588415530377, ]
col3 = [ 0.0000991709330477544433700420878352588261, -0.0373913037634784548024491357409715419635, 0.0005753485882132082247092386140252529003, -0.0057495796229760955109444608979174518026, 0.0003240738324153296170959670519096107455, 0.0026446994459523144940793493162800587015, -0.0002332219917566006532443079191097012881, 0.0001932787698398621208280279137881052520, ]
col4 = [ -0.0211414427348933751937831715395077480935, 7.9925913795830325625502155162394046783447, -0.0970750084697876991501885868274257518351, 1.2231504755864794908859494171338155865669, -0.0636435570049986854002099789795465767384, -0.5491760133201287752413577436527702957392, 0.0543367713824217668516780577192548662424, -0.0375026607139755524533697439437673892826, ]
col5 = [ 2.5067553347397262264451001101406291127205, -942.1294862934790899089421145617961883544922, 8.5817244992796304359217174351215362548828, -144.0993605148105700664018513634800910949707, 6.8505678021377187647544815263245254755020, 63.1175203291795696713961660861968994140625, -6.8449927197361652986273838905617594718933, 3.9861465078988800314618856646120548248291, ]
col6 = [ -155.9567756398788276328559732064604759216309, 58076.1024021885459660552442073822021484375000, -359.8716020992985704651800915598869323730469, 8911.3421368374292796943336725234985351562500, -381.3734574137811250693630427122116088867188, -3803.3763209396129241213202476501464843750000, 444.6581167554383569040510337799787521362305, -218.6439642833317691383854253217577934265137, ]
col7 = [ 5167.7683149886024693842045962810516357421875, -1462414.4206846477463841438293457031250000000000, 7933.3365382831871102098375558853149414062500, -223339.9035696829087100923061370849609375000000, 11447.2920328686832363018766045570373535156250, 95699.4156585353484842926263809204101562500000, -7509.2640109159383428050205111503601074218750, 9251.6499999383795511675998568534851074218750, ]
